[Home.jpg]
moddate=70e2210f8b49d201
width=851
height=376
text=1;158;32;Welcome to Mumbai Traffic Police;Colonna MT;0.280490,0.831737,0.098858,0.000000;v1,4279719531,4279716971,128.000000,1.000000,0.500000,1.000000,400,2,49152;;
textactive=1
